21.1378487516818,41.079587013890944,33.0,(0, 40)
21.271980797884005,41.165289786902775,35.0,(0, 40)
21.402124996313233,41.25693507448223,38.0,(0, 40)
21.528018265942762,41.35433761953262,40.0,(0, 40)
21.64940611881975,41.457300526903296,43.0,(0, 40)
21.76604317450195,41.56561566140488,45.0,(0, 40)
21.87769365608394,41.67906406854581,48.0,(0, 40)
21.98413186681026,41.797416417139694,51.0,(0, 40)
22.085142646311873,41.92043346288858,53.0,(0, 40)
22.18052180554384,42.047866532005315,56.0,(0, 40)
22.270076539544885,42.17945802389712,58.0,(0, 40)
22.374513136594413,42.34881290889367,55.0,(50, 0)
22.488298484509688,42.51203354017318,52.0,(50, 0)
22.611073223135335,42.668604429647836,49.0,(50, 0)
22.74244960176393,42.818031090635486,45.0,(50, 0)
22.882012703741424,42.95984159956166,42.0,(50, 0)
23.029321756868846,43.09358808640219,39.0,(50, 0)
23.183911525461724,43.218848149159165,36.0,(50, 0)
23.345293779670797,43.33522618790307,33.0,(50, 0)
23.51295883742355,43.44235465416786,29.0,(50, 0)
23.68637717411678,43.53989521175307,26.0,(50, 0)
23.865001094976417,43.627539805266935,23.0,(50, 0)
24.0116133908376,43.68951726748201,25.0,(0, 40)
24.155291660049922,43.758022202168924,28.0,(0, 40)
24.29574546303146,43.8329161294817,31.0,(0, 40)
24.432690878323225,43.914047654494325,33.0,(0, 40)
24.565851076524485,44.00125277323921,36.0,(0, 40)
24.694956879891745,44.09435520423433,38.0,(0, 40)
24.819747306470248,44.19316674482885,41.0,(0, 40)
24.93997009765803,44.29748765164683,44.0,(0, 40)
25.05538222813607,44.40710704436011,46.0,(0, 40)
25.16575039713377,44.52180333197398,49.0,(0, 40)
25.270851500036645,44.6413446607641,51.0,(0, 40)
25.495000053565782,44.92067028570272,51.0,(50, 40)
25.722274307444412,45.19745863863772,50.0,(50, 40)
25.95264554305217,45.471674744293665,49.0,(50, 40)
26.18608465043074,45.74328395242707,49.0,(50, 40)
26.422562131962206,46.012251942204834,48.0,(50, 40)
26.662048106096417,46.27854472654107,47.0,(50, 40)
26.904512311126847,46.54212865639173,47.0,(50, 40)
27.149924109014485,46.80297042500656,46.0,(50, 40)
27.39825248925931,47.061037072137765,45.0,(50, 40)
27.649466072818797,47.31629598820488,45.0,(50, 40)
27.903533116073014,47.56871491841539,44.0,(50, 40)
28.18896467025386,47.84598941666546,44.0,(50, 50)
28.474396224434706,48.12326391491553,44.0,(50, 50)
28.759827778615552,48.400538413165606,44.0,(50, 50)
29.045259332796398,48.67781291141568,44.0,(50, 50)
29.330690886977244,48.95508740966575,44.0,(50, 50)
29.61612244115809,49.23236190791582,44.0,(50, 50)
29.901553995338936,49.509636406165896,44.0,(50, 50)
30.186985549519783,49.78691090441597,44.0,(50, 50)
30.47241710370063,50.06418540266604,44.0,(50, 50)
30.757848657881475,50.341459900916114,44.0,(50, 50)
31.04328021206232,50.618734399166186,44.0,(50, 50)
31.328711766243167,50.89600889741626,44.0,(50, 50)
31.614143320424013,51.17328339566633,44.0,(50, 50)
31.89957487460486,51.450557893916404,44.0,(50, 50)
32.185006428785705,51.727832392166476,44.0,(50, 50)
32.47043798296655,52.00510689041655,44.0,(50, 50)
32.7558695371474,52.28238138866662,44.0,(50, 50)
33.04130109132824,52.559655886916694,44.0,(50, 50)
33.32673264550909,52.83693038516677,44.0,(50, 50)
33.612164199689936,53.11420488341684,44.0,(50, 50)
33.89759575387078,53.39147938166691,44.0,(50, 50)
34.18302730805163,53.668753879916984,44.0,(50, 50)
34.468458862232474,53.94602837816706,44.0,(50, 50)
34.75389041641332,54.22330287641713,44.0,(50, 50)
35.039321970594166,54.5005773746672,44.0,(50, 50)
35.32475352477501,54.777851872917275,44.0,(50, 50)
35.61018507895586,55.05512637116735,44.0,(50, 50)
35.895616633136704,55.33240086941742,44.0,(50, 50)
36.18104818731755,55.60967536766749,44.0,(50, 50)
36.4664797414984,55.886949865917565,44.0,(50, 50)
36.75191129567924,56.16422436416764,44.0,(50, 50)
37.03734284986009,56.44149886241771,44.0,(50, 50)
37.322774404040935,56.71877336066778,44.0,(50, 50)
37.60820595822178,56.996047858917855,44.0,(50, 50)
37.89363751240263,57.27332235716793,44.0,(50, 50)
38.17906906658347,57.550596855418,44.0,(50, 50)
38.46450062076432,57.82787135366807,44.0,(50, 50)
38.749932174945165,58.105145851918145,44.0,(50, 50)
39.03536372912601,58.38242035016822,44.0,(50, 50)
39.32079528330686,58.65969484841829,44.0,(50, 50)
39.606226837487704,58.93696934666836,44.0,(50, 50)
39.89165839166855,59.214243844918435,44.0,(50, 50)
40.177089945849396,59.49151834316851,44.0,(50, 50)
40.46252150003024,59.76879284141858,44.0,(50, 50)
40.74795305421109,60.04606733966865,44.0,(50, 50)
41.033384608391934,60.323341837918726,44.0,(50, 50)
41.31881616257278,60.6006163361688,44.0,(50, 50)
41.604247716753626,60.87789083441887,44.0,(50, 50)
41.88967927093447,61.15516533266894,44.0,(50, 50)
42.17511082511532,61.432439830919016,44.0,(50, 50)
42.460542379296164,61.70971432916909,44.0,(50, 50)
42.74597393347701,61.98698882741916,44.0,(50, 50)
43.03140548765786,62.26426332566923,44.0,(50, 50)
43.3168370418387,62.541537823919306,44.0,(50, 50)
43.60226859601955,62.81881232216938,44.0,(50, 50)
43.71644121769189,62.9297221214694,42.0,(40, 0)
43.83548375570863,63.03538784563216,39.0,(40, 0)
43.959155570582936,63.13559589583774,36.0,(40, 0)
44.08720666493937,63.23014370572473,34.0,(40, 0)
44.21937818887312,63.318840150869605,31.0,(40, 0)
44.35540296320416,63.40150593513672,29.0,(40, 0)
44.49500601956877,63.47797395311789,26.0,(40, 0)
44.63790515625648,63.54808962792898,24.0,(40, 0)
44.78381150866901,63.61171122368056,21.0,(40, 0)
44.9324301332479,63.66871013199104,18.0,(40, 0)
45.0834606036905,63.71897113196314,16.0,(40, 0)
45.23659761824913,63.76239262309804,18.0,(0, 40)
45.38762808869173,63.81265362307013,21.0,(0, 40)
45.536246713270614,63.869652531380616,24.0,(0, 40)
45.682153065683146,63.933274127132194,26.0,(0, 40)
45.825052202370856,64.00338980194329,29.0,(0, 40)
45.96465525873546,64.07985781992446,31.0,(0, 40)
46.1006800330665,64.16252360419156,34.0,(0, 40)
46.23285155700025,64.25122004933644,36.0,(0, 40)
46.36090265135669,64.34576785922343,39.0,(0, 40)
46.484574466230995,64.44597590942901,42.0,(0, 40)
46.60361700424774,64.55164163359177,44.0,(0, 40)
46.717789625920076,64.6625514328918,42.0,(40, 0)
46.83683216393682,64.76821715705456,39.0,(40, 0)
46.960503978811126,64.86842520726015,36.0,(40, 0)
47.08855507316756,64.96297301714714,34.0,(40, 0)
47.22072659710131,65.05166946229201,31.0,(40, 0)
47.35675137143235,65.13433524655912,29.0,(40, 0)
47.49635442779696,65.21080326454029,26.0,(40, 0)
47.63925356448467,65.28091893935138,24.0,(40, 0)
47.7851599168972,65.34454053510296,21.0,(40, 0)
47.93377854147609,65.40153944341345,18.0,(40, 0)
48.084809011918686,65.45180044338555,16.0,(40, 0)
48.4293672946756,65.54949879843907,16.0,(40, 50)
48.77280559384691,65.65106411465909,17.0,(40, 50)
49.11508051219795,65.75648355814248,18.0,(40, 50)
49.4561487995001,65.86574380797441,18.0,(40, 50)
49.79596735799595,65.97883105791162,19.0,(40, 50)
50.134493247845164,66.095731018127,20.0,(40, 50)
50.47168369255042,66.21642891701521,20.0,(40, 50)
50.80749608436269,66.34090950305931,21.0,(40, 50)
51.141887989665186,66.4691570467579,22.0,(40, 50)
51.47481715433535,66.60115534261274,22.0,(40, 50)
51.806241509084096,66.73688771117652,23.0,(40, 50)
51.95285380494528,66.79886517339159,20.0,(40, 0)
52.102103756861844,66.85418987830008,18.0,(40, 0)
52.253689662329464,66.90274998933648,15.0,(40, 0)
52.40730509681191,66.9444473442775,13.0,(40, 0)
52.562639533165346,66.9791976536728,10.0,(40, 0)
52.71937896935591,67.0069306712326,7.0,(40, 0)
52.877206563201625,67.02759033582763,5.0,(40, 0)
53.03580327285556,67.04113488481428,2.0,(40, 0)
53.19484850173551,67.04753693845613,360.0,(40, 0)
53.35402074659649,67.04678355527082,357.0,(40, 0)
53.51299824743606,67.0388762581908,355.0,(40, 0)
53.71107498553928,67.02006972480822,358.0,(0, 50)
53.9098954123259,67.01242003410434,1.0,(0, 50)
54.108831607411005,67.01595134555214,4.0,(0, 50)
54.3072552847869,67.03065250646235,7.0,(0, 50)
54.504539777094045,67.05647708720612,11.0,(0, 50)
54.700062014779924,67.09334352785051,14.0,(0, 50)
54.893204493895205,67.14113539574332,17.0,(0, 50)
55.08335722631245,67.19970175323408,20.0,(0, 50)
55.26991966620815,67.2688576343697,24.0,(0, 50)
55.45230260672382,67.34838462905917,27.0,(0, 50)
55.62993004081599,67.4380315728627,30.0,(0, 50)
55.80224098041824,67.53751534022638,27.0,(50, 0)
55.97986841451041,67.62716228402991,24.0,(50, 0)
56.16225135502608,67.70668927871938,20.0,(50, 0)
56.34881379492178,67.775845159855,17.0,(50, 0)
56.53896652733903,67.83441151734576,14.0,(50, 0)
56.73210900645431,67.88220338523857,11.0,(50, 0)
56.92763124414019,67.91906982588296,7.0,(50, 0)
57.124915736447335,67.94489440662673,4.0,(50, 0)
57.32333941382323,67.95959556753694,1.0,(50, 0)
57.52227560890833,67.96312687898474,358.0,(50, 0)
57.721096035694956,67.95547718828085,355.0,(50, 0)
57.87955742617753,67.94043196157479,357.0,(0, 40)
58.038534927017096,67.93252466449476,360.0,(0, 40)
58.19770717187808,67.93177128130945,2.0,(0, 40)
58.356752400758026,67.9381733349513,5.0,(0, 40)
58.51534911041196,67.95171788393796,7.0,(0, 40)
58.67317670425768,67.97237754853299,10.0,(0, 40)
58.82991614044824,68.00011056609279,13.0,(0, 40)
58.985250576801675,68.03486087548808,15.0,(0, 40)
59.13886601128412,68.0765582304291,18.0,(0, 40)
59.29045191675174,68.12511834146551,20.0,(0, 40)
59.43970186866831,68.180443046374,23.0,(0, 40)
59.62296723849479,68.25791487414284,20.0,(50, 0)
59.81029526333104,68.32496926241407,16.0,(50, 0)
60.00109431842622,68.38139443809186,13.0,(50, 0)
60.19476181672196,68.42701219756502,10.0,(50, 0)
60.39068611196016,68.46167846951478,7.0,(50, 0)
60.58824843040178,68.48528376992493,4.0,(50, 0)
60.78682482505581,68.49775354785743,0.0,(50, 0)
60.98578814624663,68.49904842090129,357.0,(50, 0)
61.18451002229609,68.48916429955126,354.0,(50, 0)
61.38236284406504,68.46813240012341,351.0,(50, 0)
61.57872174708653,68.43601914616686,347.0,(50, 0)
61.73411761744188,68.40154459617978,350.0,(0, 40)
61.89090603035861,68.37408982072337,353.0,(0, 40)
62.04877004465035,68.35371031847221,355.0,(0, 40)
62.20739054484776,68.34044728573349,358.0,(0, 40)
62.36644688627706,68.33432753317038,0.0,(0, 40)
62.525617543229714,68.33536343160547,3.0,(0, 40)
62.68458075891317,68.34355288701362,6.0,(0, 40)
62.84301519586869,68.35887934475493,8.0,(0, 40)
63.00060058554149,68.38131182303931,11.0,(0, 40)
63.1570183756902,68.41080497555483,13.0,(0, 40)
63.311952374326786,68.44729918313335,16.0,(0, 40)
63.61822640344404,68.53414216540315,16.0,(40, 40)
63.924500432561295,68.62098514767295,16.0,(40, 40)
64.23077446167855,68.70782812994275,16.0,(40, 40)
64.5370484907958,68.79467111221255,16.0,(40, 40)
64.84332251991304,68.88151409448236,16.0,(40, 40)
65.14959654903029,68.96835707675216,16.0,(40, 40)
65.45587057814754,69.05520005902196,16.0,(40, 40)
65.76214460726479,69.14204304129176,16.0,(40, 40)
66.06841863638203,69.22888602356156,16.0,(40, 40)
66.37469266549928,69.31572900583136,16.0,(40, 40)
66.68096669461653,69.40257198810116,16.0,(40, 40)
67.02552497737344,69.50027034315468,15.0,(50, 40)
67.37115970495894,69.59408939177199,15.0,(50, 40)
67.71782720259529,69.68401727887667,14.0,(50, 40)
68.06548366500279,69.77004264108373,13.0,(50, 40)
68.41408516193512,69.85215460813542,13.0,(50, 40)
68.76358764373035,69.93034280427484,12.0,(50, 40)
69.11394694687712,70.00459734955702,11.0,(50, 40)
69.46511879959523,70.07490886109736,11.0,(50, 40)
69.81705882742982,70.14126845425726,10.0,(50, 40)
70.16972255885858,70.20366774376681,9.0,(50, 40)
70.52306543091126,70.26209884478436,9.0,(50, 40)
70.91637361301058,70.32260498823821,9.0,(50, 50)
71.3096817951099,70.38311113169206,9.0,(50, 50)
71.70298997720921,70.44361727514591,9.0,(50, 50)
72.09629815930853,70.50412341859976,9.0,(50, 50)
72.48960634140785,70.56462956205361,9.0,(50, 50)
72.88291452350717,70.62513570550746,9.0,(50, 50)
73.27622270560649,70.68564184896131,9.0,(50, 50)
73.6695308877058,70.74614799241516,9.0,(50, 50)
74.06283906980512,70.80665413586901,9.0,(50, 50)
74.45614725190444,70.86716027932286,9.0,(50, 50)
74.84945543400376,70.92766642277671,9.0,(50, 50)
75.16410197968321,70.97607133753979,9.0,(40, 40)
75.47874852536266,71.02447625230288,9.0,(40, 40)
75.79339507104211,71.07288116706596,9.0,(40, 40)
76.10804161672156,71.12128608182904,9.0,(40, 40)
76.42268816240102,71.16969099659212,9.0,(40, 40)
76.73733470808047,71.2180959113552,9.0,(40, 40)
77.05198125375992,71.26650082611829,9.0,(40, 40)
77.36662779943937,71.31490574088137,9.0,(40, 40)
77.68127434511882,71.36331065564445,9.0,(40, 40)
77.99592089079827,71.41171557040754,9.0,(40, 40)
78.31056743647773,71.46012048517062,9.0,(40, 40)
78.62521398215718,71.5085253999337,9.0,(40, 40)
78.93986052783663,71.55693031469679,9.0,(40, 40)
79.25450707351608,71.60533522945987,9.0,(40, 40)
79.56915361919553,71.65374014422295,9.0,(40, 40)
79.88380016487498,71.70214505898603,9.0,(40, 40)
80.19844671055444,71.75054997374912,9.0,(40, 40)
80.51309325623389,71.7989548885122,9.0,(40, 40)
80.82773980191334,71.84735980327528,9.0,(40, 40)
81.14238634759279,71.89576471803836,9.0,(40, 40)
81.45703289327224,71.94416963280145,9.0,(40, 40)
81.7716794389517,71.99257454756453,9.0,(40, 40)
82.12565680284108,72.047030076673,8.0,(50, 40)
82.48022392960488,72.09750315281285,7.0,(50, 40)
82.83533601575773,72.14398739815165,7.0,(50, 40)
83.19094818895265,72.18647693888992,6.0,(50, 40)
83.54701551365105,72.22496640600336,6.0,(50, 40)
83.90349299680096,72.25945093592131,5.0,(50, 40)
84.26033559352233,72.28992617114129,4.0,(50, 40)
84.61749821279894,72.31638826077965,4.0,(50, 40)
84.9749357231762,72.33883386105813,3.0,(50, 40)
85.33260295846398,72.35726013572645,2.0,(50, 40)
85.69045472344386,72.3716647564206,2.0,(50, 40)
86.0086690133427,72.38089244223086,2.0,(40, 40)
86.32688330324153,72.39012012804112,2.0,(40, 40)
86.64509759314036,72.39934781385138,2.0,(40, 40)
86.9633118830392,72.40857549966164,2.0,(40, 40)
87.28152617293803,72.4178031854719,2.0,(40, 40)
87.59974046283686,72.42703087128216,2.0,(40, 40)
87.9179547527357,72.43625855709242,2.0,(40, 40)
88.23616904263453,72.44548624290267,2.0,(40, 40)
88.55438333253336,72.45471392871293,2.0,(40, 40)
88.8725976224322,72.4639416145232,2.0,(40, 40)
89.19081191233103,72.47316930033345,2.0,(40, 40)
89.54880298846722,72.48355044687,1.0,(50, 40)
89.9068881396204,72.48990680747605,0.0,(50, 40)
90.26502211776388,72.492237578955,360.0,(50, 40)
90.62315966870108,72.49054246678806,359.0,(50, 40)
90.981255537784,72.48482168517141,358.0,(50, 40)
91.33926447563158,72.47507595698923,358.0,(50, 40)
91.69714124384751,72.46130651372225,357.0,(50, 40)
92.05484062073654,72.4435150952922,357.0,(50, 40)
92.41231740701882,72.42170394984194,356.0,(50, 40)
92.76952643154127,72.3958758334514,355.0,(50, 40)
93.12642255698546,72.36603400978927,355.0,(50, 40)
93.48296068557126,72.33218224970065,355.0,(40, 50)
93.83985681101545,72.30234042603853,356.0,(40, 50)
94.1970658355379,72.27651230964798,357.0,(40, 50)
94.55454262182018,72.25470116419773,357.0,(40, 50)
94.9122419987092,72.23690974576768,358.0,(40, 50)
95.27011876692514,72.2231403025007,358.0,(40, 50)
95.62812770477272,72.21339457431851,359.0,(40, 50)
95.98622357385564,72.20767379270187,360.0,(40, 50)
96.34436112479284,72.20597868053493,0.0,(40, 50)
96.70249510293631,72.20830945201388,1.0,(40, 50)
97.0605802540895,72.21466581261993,2.0,(40, 50)
97.37879454398833,72.22389349843019,2.0,(40, 40)
97.69700883388717,72.23312118424045,2.0,(40, 40)
98.015223123786,72.2423488700507,2.0,(40, 40)
98.33343741368483,72.25157655586096,2.0,(40, 40)
98.65165170358367,72.26080424167122,2.0,(40, 40)
98.9698659934825,72.27003192748148,2.0,(40, 40)
99.28808028338133,72.27925961329174,2.0,(40, 40)
99.60629457328017,72.288487299102,2.0,(40, 40)
99.924508863179,72.29771498491226,2.0,(40, 40)
100.24272315307783,72.30694267072252,2.0,(40, 40)
100.56093744297667,72.31617035653278,2.0,(40, 40)
100.95870530535021,72.32770496379561,2.0,(50, 50)
101.35647316772375,72.33923957105844,2.0,(50, 50)
101.75424103009729,72.35077417832127,2.0,(50, 50)
102.15200889247083,72.3623087855841,2.0,(50, 50)
102.54977675484437,72.37384339284694,2.0,(50, 50)
102.94754461721791,72.38537800010977,2.0,(50, 50)
103.34531247959146,72.3969126073726,2.0,(50, 50)
103.743080341965,72.40844721463543,2.0,(50, 50)
104.14084820433854,72.41998182189826,2.0,(50, 50)
104.53861606671208,72.43151642916109,2.0,(50, 50)
104.93638392908562,72.44305103642392,2.0,(50, 50)
105.09549107403504,72.44766487932905,4.0,(0, 40)
105.25423001593576,72.45942580805722,7.0,(0, 40)
105.41227987068906,72.47831004838534,9.0,(0, 40)
105.56932114715691,72.50427942661535,12.0,(0, 40)
105.72503639299993,72.53728144674076,15.0,(0, 40)
105.87911083639385,72.57724939656507,17.0,(0, 40)
106.03123302232764,72.62410248255767,20.0,(0, 40)
106.18109544219664,72.67774599317465,22.0,(0, 40)
106.3283951554183,72.73807149031411,25.0,(0, 40)
106.47283440181386,72.80495702851925,27.0,(0, 40)
106.61412120351798,72.87826740148604,30.0,(0, 40)
106.75196995519978,72.95785441537699,27.0,(40, 0)
106.89325675690391,73.03116478834377,25.0,(40, 0)
107.03769600329946,73.09805032654891,22.0,(40, 0)
107.18499571652113,73.15837582368837,20.0,(40, 0)
107.33485813639012,73.21201933430535,17.0,(40, 0)
107.48698032232392,73.25887242029796,15.0,(40, 0)
107.64105476571784,73.29884037012226,12.0,(40, 0)
107.79677001156085,73.33184239024767,9.0,(40, 0)
107.9538112880287,73.35781176847769,7.0,(40, 0)
108.111861142782,73.37669600880581,4.0,(40, 0)
108.27060008468273,73.38845693753397,2.0,(40, 0)
108.4694840158695,73.39422424116539,5.0,(0, 50)
108.66772990293693,73.41115492739871,8.0,(0, 50)
108.86471164002792,73.43919552525419,11.0,(0, 50)
109.0598071137602,73.47825747610993,15.0,(0, 50)
109.25240016800261,73.52821741339031,18.0,(0, 50)
109.44188254983713,73.58891755218582,21.0,(0, 50)
109.62765583056074,73.66016618757392,24.0,(0, 50)
109.8091332956601,73.74173830006703,27.0,(0, 50)
109.98574179779025,73.83337626627551,31.0,(0, 50)
110.15692356690496,73.93479067254128,34.0,(0, 50)
110.32213797182214,74.04566122897238,37.0,(0, 50)
110.44911817649307,74.14164247058778,35.0,(40, 0)
110.5802843248227,74.23181903435398,32.0,(40, 0)
110.71537126995551,74.31600863213774,29.0,(40, 0)
110.8541059393101,74.3940410782059,27.0,(40, 0)
110.99620788658383,74.46575863324873,24.0,(40, 0)
111.14138985866333,74.53101632324321,22.0,(40, 0)
111.28935837629452,74.58968223251203,19.0,(40, 0)
111.43981432733861,74.64163777038553,16.0,(40, 0)
111.59245357141475,74.68677791092776,14.0,(40, 0)
111.74696755470697,74.72501140524201,11.0,(40, 0)
111.9030439336928,74.75626096592661,9.0,(40, 0)
112.06036720653252,74.78046342330815,11.0,(0, 40)
112.21644358551835,74.81171298399275,14.0,(0, 40)
112.37095756881057,74.849946478307,16.0,(0, 40)
112.52359681288671,74.89508661884923,19.0,(0, 40)
112.6740527639308,74.94704215672273,22.0,(0, 40)
112.82202128156199,75.00570806599156,24.0,(0, 40)
112.96720325364149,75.07096575598604,27.0,(0, 40)
113.10930520091522,75.14268331102886,29.0,(0, 40)
113.2480398702698,75.22071575709703,32.0,(0, 40)
113.38312681540262,75.30490535488079,35.0,(0, 40)
113.51429296373225,75.39508191864698,37.0,(0, 40)
113.64127316840317,75.49106316026239,35.0,(40, 0)
113.7724393167328,75.58123972402858,32.0,(40, 0)
113.90752626186561,75.66542932181234,29.0,(40, 0)
114.0462609312202,75.7434617678805,27.0,(40, 0)
114.18836287849393,75.81517932292333,24.0,(40, 0)
114.33354485057343,75.88043701291781,22.0,(40, 0)
114.48151336820462,75.93910292218663,19.0,(40, 0)
114.63196931924871,75.99105846006013,16.0,(40, 0)
114.78460856332485,76.03619860060236,14.0,(40, 0)
114.93912254661707,76.07443209491662,11.0,(40, 0)
115.0951989256029,76.10568165560122,9.0,(40, 0)
115.29185301665255,76.13593472732813,12.0,(0, 50)
115.48649707395631,76.1771872524849,15.0,(0, 50)
115.67851636705937,76.22930894616118,18.0,(0, 50)
115.86730445511262,76.2921351961263,22.0,(0, 50)
116.0522651021516,76.36546758271233,25.0,(0, 50)
116.23281416014603,76.44907450546876,28.0,(0, 50)
116.40838141387296,76.54269191460973,31.0,(0, 50)
116.57841238178676,76.64602414494362,35.0,(0, 50)
116.74237006719879,76.75874484965136,38.0,(0, 50)
116.8997366542357,76.88049803096436,41.0,(0, 50)
117.05001514322042,77.01089916448684,44.0,(0, 50)
117.2783603865651,77.23271876308691,44.0,(40, 40)
117.50670562990977,77.45453836168697,44.0,(40, 40)
117.73505087325445,77.67635796028704,44.0,(40, 40)
117.96339611659913,77.8981775588871,44.0,(40, 40)
118.1917413599438,78.11999715748716,44.0,(40, 40)
118.42008660328848,78.34181675608723,44.0,(40, 40)
118.64843184663316,78.56363635468729,44.0,(40, 40)
118.87677708997784,78.78545595328735,44.0,(40, 40)
119.10512233332251,79.00727555188742,44.0,(40, 40)
119.33346757666719,79.22909515048748,44.0,(40, 40)
119.56181282001187,79.45091474908754,44.0,(40, 40)
119.84724437419271,79.72818924733761,44.0,(50, 50)
120.13267592837356,80.00546374558768,44.0,(50, 50)
120.4181074825544,80.28273824383774,44.0,(50, 50)
120.70353903673525,80.5600127420878,44.0,(50, 50)
120.9889705909161,80.83728724033787,44.0,(50, 50)
121.27440214509694,81.11456173858794,44.0,(50, 50)
121.55983369927779,81.391836236838,44.0,(50, 50)
121.84526525345863,81.66911073508807,44.0,(50, 50)
122.13069680763948,81.94638523333813,44.0,(50, 50)
122.41612836182033,82.2236597315882,44.0,(50, 50)
122.70155991600117,82.50093422983826,44.0,(50, 50)
122.98699147018202,82.77820872808833,44.0,(50, 50)
123.27242302436287,83.0554832263384,44.0,(50, 50)
123.55785457854371,83.33275772458846,44.0,(50, 50)
123.84328613272456,83.61003222283853,44.0,(50, 50)
124.1287176869054,83.88730672108859,44.0,(50, 50)
124.41414924108625,84.16458121933866,44.0,(50, 50)
124.6995807952671,84.44185571758872,44.0,(50, 50)
124.98501234944794,84.71913021583879,44.0,(50, 50)
125.27044390362879,84.99640471408885,44.0,(50, 50)
125.55587545780963,85.27367921233892,44.0,(50, 50)
125.84130701199048,85.55095371058898,44.0,(50, 50)
126.12673856617133,85.82822820883905,44.0,(50, 50)
126.41217012035217,86.10550270708912,44.0,(50, 50)
126.69760167453302,86.38277720533918,44.0,(50, 50)
126.98303322871386,86.66005170358925,44.0,(50, 50)
127.26846478289471,86.93732620183931,44.0,(50, 50)
127.55389633707556,87.21460070008938,44.0,(50, 50)
127.8393278912564,87.49187519833944,44.0,(50, 50)
128.12475944543726,87.76914969658951,44.0,(50, 50)
128.41019099961812,88.04642419483957,44.0,(50, 50)
128.69562255379898,88.32369869308964,44.0,(50, 50)
128.98105410797984,88.6009731913397,44.0,(50, 50)
129.20939935132452,88.82279278993977,44.0,(40, 40)
129.4377445946692,89.04461238853983,44.0,(40, 40)
129.66608983801387,89.2664319871399,44.0,(40, 40)
129.89443508135855,89.48825158573996,44.0,(40, 40)
130.12278032470323,89.71007118434002,44.0,(40, 40)
130.3511255680479,89.93189078294009,44.0,(40, 40)
130.57947081139258,90.15371038154015,44.0,(40, 40)
130.80781605473726,90.37552998014021,44.0,(40, 40)
131.03616129808194,90.59734957874028,44.0,(40, 40)
131.2645065414266,90.81916917734034,44.0,(40, 40)
131.4928517847713,91.0409887759404,44.0,(40, 40)
131.72119702811597,91.26280837454047,44.0,(40, 40)
131.94954227146064,91.48462797314053,44.0,(40, 40)
132.17788751480532,91.7064475717406,44.0,(40, 40)
132.40623275815,91.92826717034066,44.0,(40, 40)
132.63457800149467,92.15008676894072,44.0,(40, 40)
132.86292324483935,92.37190636754079,44.0,(40, 40)
133.09126848818403,92.59372596614085,44.0,(40, 40)
133.3196137315287,92.81554556474092,44.0,(40, 40)
133.54795897487338,93.03736516334098,44.0,(40, 40)
133.77630421821806,93.25918476194104,44.0,(40, 40)
134.00464946156274,93.4810043605411,44.0,(40, 40)
134.2329947049074,93.70282395914117,44.0,(40, 40)
134.4613399482521,93.92464355774123,44.0,(40, 40)
134.68968519159677,94.1464631563413,44.0,(40, 40)
134.91803043494144,94.36828275494136,44.0,(40, 40)
135.14637567828612,94.59010235354143,44.0,(40, 40)
135.3747209216308,94.81192195214149,44.0,(40, 40)
135.60306616497547,95.03374155074155,44.0,(40, 40)
135.83141140832015,95.25556114934162,44.0,(40, 40)
136.05975665166483,95.47738074794168,44.0,(40, 40)
136.2881018950095,95.69920034654174,44.0,(40, 40)
136.51644713835418,95.92101994514181,44.0,(40, 40)
136.74479238169886,96.14283954374187,44.0,(40, 40)
136.97313762504353,96.36465914234194,44.0,(40, 40)
137.2014828683882,96.586478740942,44.0,(40, 40)
137.4298281117329,96.80829833954206,44.0,(40, 40)
137.65817335507757,97.03011793814213,44.0,(40, 40)
137.88651859842224,97.25193753674219,44.0,(40, 40)
138.11486384176692,97.47375713534225,44.0,(40, 40)
138.3432090851116,97.69557673394232,44.0,(40, 40)
138.57155432845627,97.91739633254238,44.0,(40, 40)
138.79989957180095,98.13921593114245,44.0,(40, 40)
139.02824481514563,98.36103552974251,44.0,(40, 40)
139.2565900584903,98.58285512834257,44.0,(40, 40)
139.48493530183498,98.80467472694264,44.0,(40, 40)
139.71328054517966,99.0264943255427,44.0,(40, 40)
139.94162578852433,99.24831392414276,44.0,(40, 40)
140.169971031869,99.47013352274283,44.0,(40, 40)
140.3983162752137,99.69195312134289,44.0,(40, 40)
140.62666151855836,99.91377271994295,44.0,(40, 40)
140.85500676190304,100.13559231854302,44.0,(40, 40)
141.08335200524772,100.35741191714308,44.0,(40, 40)
141.3116972485924,100.57923151574315,44.0,(40, 40)
141.54004249193707,100.80105111434321,44.0,(40, 40)
141.76838773528175,101.02287071294327,44.0,(40, 40)
141.99673297862643,101.24469031154334,44.0,(40, 40)
142.2250782219711,101.4665099101434,44.0,(40, 40)
142.45342346531578,101.68832950874346,44.0,(40, 40)
142.68176870866046,101.91014910734353,44.0,(40, 40)
142.91011395200513,102.13196870594359,44.0,(40, 40)
143.1384591953498,102.35378830454366,44.0,(40, 40)
143.3668044386945,102.57560790314372,44.0,(40, 40)
143.59514968203916,102.79742750174378,44.0,(40, 40)
143.82349492538384,103.01924710034385,44.0,(40, 40)
144.05184016872852,103.24106669894391,44.0,(40, 40)
144.2801854120732,103.46288629754397,44.0,(40, 40)
144.50853065541787,103.68470589614404,44.0,(40, 40)
144.73687589876255,103.9065254947441,44.0,(40, 40)
144.96522114210723,104.12834509334417,44.0,(40, 40)
145.1935663854519,104.35016469194423,44.0,(40, 40)
145.42191162879658,104.5719842905443,44.0,(40, 40)
145.65025687214126,104.79380388914436,44.0,(40, 40)
145.87860211548593,105.01562348774442,44.0,(40, 40)
146.1069473588306,105.23744308634448,44.0,(40, 40)
146.3352926021753,105.45926268494455,44.0,(40, 40)
146.56363784551996,105.68108228354461,44.0,(40, 40)
146.84906939970082,105.95835678179468,44.0,(50, 50)
147.13450095388168,106.23563128004474,44.0,(50, 50)
147.41993250806254,106.51290577829481,44.0,(50, 50)
147.7053640622434,106.79018027654487,44.0,(50, 50)
147.99079561642426,107.06745477479494,44.0,(50, 50)
148.27622717060513,107.344729273045,44.0,(50, 50)
148.56165872478599,107.62200377129507,44.0,(50, 50)
148.84709027896685,107.89927826954514,44.0,(50, 50)
149.1325218331477,108.1765527677952,44.0,(50, 50)
149.41795338732857,108.45382726604527,44.0,(50, 50)
149.70338494150943,108.73110176429533,44.0,(50, 50)
149.9888164956903,109.0083762625454,44.0,(50, 50)
150.27424804987115,109.28565076079546,44.0,(50, 50)
150.559679604052,109.56292525904553,44.0,(50, 50)
150.84511115823287,109.8401997572956,44.0,(50, 50)
151.13054271241373,110.11747425554566,44.0,(50, 50)
151.4159742665946,110.39474875379572,44.0,(50, 50)
151.70140582077545,110.67202325204579,44.0,(50, 50)
151.9868373749563,110.94929775029586,44.0,(50, 50)
152.27226892913717,111.22657224854592,44.0,(50, 50)
152.55770048331803,111.50384674679599,44.0,(50, 50)
152.8431320374989,111.78112124504605,44.0,(50, 50)
153.10002043626164,112.03066829347112,45.0,(40, 50)
153.35408747951587,112.28308722368163,45.0,(40, 50)
153.60530106307536,112.53834613974875,46.0,(40, 50)
153.8536294433202,112.79641278687996,47.0,(40, 50)
154.09904124120783,113.0572545554948,47.0,(40, 50)
154.34150544623824,113.32083848534546,48.0,(40, 50)
154.58099142037247,113.58713126968169,49.0,(40, 50)
154.81746890190394,113.85609925945946,49.0,(40, 50)
155.0509080092825,114.12770846759285,50.0,(40, 50)
155.28127924489024,114.4019245732488,51.0,(40, 50)
155.50855349876886,114.6787129261838,51.0,(40, 50)
155.732702052298,114.95803855112243,51.0,(50, 40)
155.95997630617663,115.23482690405743,50.0,(50, 40)
156.19034754178438,115.50904300971338,49.0,(50, 40)
156.42378664916293,115.78065221784678,49.0,(50, 40)
156.6602641306944,116.04962020762454,48.0,(50, 40)
156.89975010482863,116.31591299196077,47.0,(50, 40)
157.14221430985904,116.57949692181144,47.0,(50, 40)
157.38762610774668,116.84033869042628,46.0,(50, 40)
157.6359544879915,117.09840533755748,45.0,(50, 40)
157.887168071551,117.3536642536246,45.0,(50, 40)
158.14123511480523,117.60608318383511,44.0,(50, 40)
158.4266666689861,117.88335768208518,44.0,(50, 50)
158.71209822316695,118.16063218033524,44.0,(50, 50)
158.9975297773478,118.4379066785853,44.0,(50, 50)
159.28296133152867,118.71518117683537,44.0,(50, 50)
159.56839288570953,118.99245567508544,44.0,(50, 50)
159.8538244398904,119.2697301733355,44.0,(50, 50)
160.13925599407125,119.54700467158557,44.0,(50, 50)
160.4246875482521,119.82427916983563,44.0,(50, 50)
160.71011910243297,120.1015536680857,44.0,(50, 50)
160.99555065661383,120.37882816633577,44.0,(50, 50)
161.2809822107947,120.65610266458583,44.0,(50, 50)
161.50932745413937,120.8779222631859,44.0,(40, 40)
161.73767269748404,121.09974186178596,44.0,(40, 40)
161.96601794082872,121.32156146038602,44.0,(40, 40)
162.1943631841734,121.54338105898609,44.0,(40, 40)
162.42270842751807,121.76520065758615,44.0,(40, 40)
162.65105367086275,121.98702025618621,44.0,(40, 40)
162.87939891420743,122.20883985478628,44.0,(40, 40)
163.1077441575521,122.43065945338634,44.0,(40, 40)
163.33608940089678,122.6524790519864,44.0,(40, 40)
163.56443464424146,122.87429865058647,44.0,(40, 40)
163.79277988758614,123.09611824918653,44.0,(40, 40)
164.0496682863489,123.3456652976116,45.0,(40, 50)
164.30373532960311,123.59808422782211,45.0,(40, 50)
164.5549489131626,123.85334314388923,46.0,(40, 50)
164.80327729340743,124.11140979102044,47.0,(40, 50)
165.04868909129507,124.37225155963527,47.0,(40, 50)
165.2911532963255,124.63583548948594,48.0,(40, 50)
165.53063927045972,124.90212827382217,49.0,(40, 50)
165.76711675199118,125.17109626359994,49.0,(40, 50)
166.00055585936974,125.44270547173333,50.0,(40, 50)
166.2309270949775,125.71692157738929,51.0,(40, 50)
166.4582013488561,125.99370993032429,51.0,(40, 50)
166.68234990238525,126.27303555526291,51.0,(50, 40)
166.90962415626387,126.54982390819791,50.0,(50, 40)
167.13999539187162,126.82404001385386,49.0,(50, 40)
167.37343449925018,127.09564922198726,49.0,(50, 40)
167.60991198078165,127.36461721176502,48.0,(50, 40)
167.84939795491587,127.63090999610125,47.0,(50, 40)
168.0918621599463,127.89449392595192,47.0,(50, 40)
168.33727395783393,128.15533569456676,46.0,(50, 40)
168.58560233807876,128.41340234169795,45.0,(50, 40)
168.83681592163825,128.66866125776505,45.0,(50, 40)
169.09088296489247,128.92108018797555,44.0,(50, 40)
169.31922820823715,129.1428997865756,44.0,(40, 40)
169.54757345158183,129.36471938517568,44.0,(40, 40)
169.7759186949265,129.58653898377574,44.0,(40, 40)
170.00426393827118,129.8083585823758,44.0,(40, 40)
170.23260918161586,130.03017818097587,44.0,(40, 40)
170.46095442496053,130.25199777957593,44.0,(40, 40)
170.6892996683052,130.473817378176,44.0,(40, 40)
170.9176449116499,130.69563697677606,44.0,(40, 40)
171.14599015499456,130.91745657537612,44.0,(40, 40)
171.37433539833924,131.13927617397619,44.0,(40, 40)
171.60268064168392,131.36109577257625,44.0,(40, 40)
171.8310258850286,131.5829153711763,44.0,(40, 40)
172.05937112837327,131.80473496977638,44.0,(40, 40)
172.28771637171795,132.02655456837644,44.0,(40, 40)
172.51606161506263,132.2483741669765,44.0,(40, 40)
172.7444068584073,132.47019376557657,44.0,(40, 40)
172.97275210175198,132.69201336417663,44.0,(40, 40)
173.20109734509666,132.9138329627767,44.0,(40, 40)
173.42944258844133,133.13565256137676,44.0,(40, 40)
173.657787831786,133.35747215997682,44.0,(40, 40)
173.8861330751307,133.5792917585769,44.0,(40, 40)
174.11447831847536,133.80111135717695,44.0,(40, 40)
174.39990987265622,134.07838585542703,44.0,(50, 50)
174.68534142683708,134.3556603536771,44.0,(50, 50)
174.97077298101794,134.6329348519272,44.0,(50, 50)
175.2562045351988,134.91020935017727,44.0,(50, 50)
175.54163608937967,135.18748384842735,44.0,(50, 50)
175.82706764356053,135.46475834667743,44.0,(50, 50)
176.11249919774139,135.7420328449275,44.0,(50, 50)
176.39793075192225,136.0193073431776,44.0,(50, 50)
176.6833623061031,136.29658184142767,44.0,(50, 50)
176.96879386028397,136.57385633967775,44.0,(50, 50)
177.25422541446483,136.85113083792783,44.0,(50, 50)
177.51111381322758,137.10067788635288,45.0,(40, 50)
177.7651808564818,137.35309681656338,45.0,(40, 50)
178.0163944400413,137.60835573263049,46.0,(40, 50)
178.26472282028612,137.86642237976167,47.0,(40, 50)
178.51013461817377,138.1272641483765,47.0,(40, 50)
178.75259882320418,138.39084807822715,48.0,(40, 50)
178.9920847973384,138.65714086256338,49.0,(40, 50)
179.22856227886987,138.92610885234114,49.0,(40, 50)
179.46200138624843,139.19771806047456,50.0,(40, 50)
179.69237262185618,139.4719341661305,51.0,(40, 50)
179.9196468757348,139.7487225190655,51.0,(40, 50)
